Stride 4, Array Size 4096
15.24; 6.02; 7.49; 6.15; 6.12; 6.18; 6.19; 6.43; 8.41; 8.00; 8.27; 8.41; 8.27; 8.31; 8.22; 8.03

Stride 64, Array Size 4096
6.15; 6.02; 6.53; 15.76; 11.78; 11.86; 12.60; 23.76; 37.20; 37.96; 38.65; 38.49; 38.97; 39.07; 39.23; 39.1

Stride 128, Array Size 4096
6.17; 6.02; 6.25; 24.77; 15.75; 15.71; 17.13; 28.38; 40.60; 42.82; 44.24; 46.67; 44.84; 45.55; 45.49; 47.20

Stride 4096, Array Size 4096
6.11; 6.06; 6.11; 43.27; 41.24; 42.65; 40.57; 52.74; 85.40; 188.20; 303.60; 318.82; 318.69; 318.36; 325.55; 320.89

Stride 65536, Array Size 4096
6.12; 5.99; 6.01; 6.02; 6.04; 6.12; 6.21; 40.53; 53.94; 57.04; 101.52; 130.83; 228.96; 322.74; 420.16; 419.00

Stride 131072, Array Size 4096
6.10; 5.99; 6.02; 6.58; 6.03; 6.09; 6.14; 6.71; 41.58; 53.60; 93.84; 114.96; 138.75; 275.06; 334.81; 425.81

Stride 1048576, Array Size 4096
5.94; 5.87; 5.91; 5.94; 5.89; 5.97; 5.99; 8.72; 6.85; 7.56; 8.56; 44.57; 88.60; 102.87; 148.52; 279.05

Stride 4194304, Array Size 4096
6.01; 5.84; 5.91; 5.90; 5.92; 5.98; 5.99; 6.35; 6.75; 7.03; 7.20; 8.08; 9.42; 48.56; 89.87; 142.45

Stride 16777216, Array Size 4096
6.06; 5.88; 7.01; 6.44; 5.95; 5.98; 5.99; 6.09; 6.94; 7.17; 7.22; 7.38; 7.56; 8.09; 9.27; 45.39

