Stride 4096, Array Size 4096
Average: 17.05; 5.99; 6.95; 41.47; 40.48; 40.23; 41.11; 49.11; 88.81; 211.06; 321.67; 321.74; 323.97; 328.74; 316.87; 370.12
Standard Deviation: 42.63

Stride 8192, Array Size 4096
Average: 18.94; 5.99; 6.06; 6.20; 39.88; 40.46; 40.07; 51.39; 59.78; 111.19; 298.10; 432.27; 418.32; 444.59; 427.95; 445.50
Standard Deviation: 34.54

Stride 16384, Array Size 4096
Average: 6.03; 5.99; 6.05; 6.07; 6.16; 41.61; 46.79; 49.66; 57.13; 71.23; 179.20; 309.93; 418.96; 427.55; 428.43; 414.96
Standard Deviation: 6.12

Stride 65536, Array Size 4096
Average: 6.03; 6.00; 6.08; 6.12; 6.12; 6.17; 6.81; 40.34; 54.14; 55.82; 107.09; 132.41; 186.78; 330.57; 423.53; 417.27
Standard Deviation: 7.88

